27471955
27657712
35350084
37144773
39612108
41361532
41361664
41887852
42740266
42805052
43341043
43596717
44200996
44587348
44864228
44864669
44865458
44866818
44867033
44867075
44867092
44867214
44867271
44867559
44867688
46028205
46033418
48329803
49454536
50681903
51159288
51209707
51264435
52090720
55518364
55519618
55530478
56323870
56962799
58036528
58039975
58064254
58179215
58179259
59233272
59401323
59401498
59401641
59401642
59401936
59976197
59976273
59976275
59976434
60024239
60024831
60702805
60877879
60877979
60878210
60878390
61231345
61486198
61486309
61486348
61486360
61486421
61486444
61663935
61677611
61677727
61677889
61678146
61732558
62204842
62204910
62463965
62770623
62771568
62771918
62772114
62772297
62774156
62775507
62775536
62776537
62777312
62777315
63140488
63162062
63399660
63399662
63464742
63492544
63662809
63745091
63745101
63745116
63745117
63745118
63745119
63745120
63745128
63745134
63745136
63745148
63745149
63745150
63745152
63745154
63747861
63747867
63747868
63747869
63747872
63788498
63947904
63947911
63992233
64023921
64098367
64098371
64167458
64217912
64318646
64340343
64340412
64340453
64340515
64341323
64395901
64395911
64395913
64395916
64395917
64395919
64395937
64395953
64395957
64395959
64395972
64395979
64395986
64395987
64395991
64395992
64395993
64395998
64395999
64396011
64396013
64396049
64396056
64396061
64396063
64396064
64396066
64396067
64396078
64396094
64396102
64396111
64396112
64683421
64816233
64816375
64816416
64816440
64821930
64822218
64823320
64824465
64825040
64826178
64826266
64828001
64828396
64829180
64829686
64829862
64873042
64873051
64873221
64873234
64873869
64873919
64873991
64874045
64874152
64874266
64874340
64874369
64874398
64874466
64874476
64874490
64874493
64874498
64874630
64874673
64874676
64874680
64874712
64874755
64874760
64874763
64874769
64874770
64874775
64874783
64874797
64950154
64953699
64960868
64963356
64973387
64979625
64980115
64981105
64981113
64981116
65080350
65080352
65090872
65090888
65147044
65151960
65177385
65178195
65215162
65220111
65220116
65220120
65233182
65271231
65271660
65288439
65288441
65294191
65386645
65386649
65392220
65415163
65493179
65591420
65591460
65591461
65591465
65591466
65600712
65600725
65600736
65600741
65600745
65617501
65673764
65675867
65675880
65698123
65703041
65773764
65774818
65775065
65779501
65829182
65829183
65829188
65829194
65829202
65895831
65895832
65960546
65962917
66012994
66015709
66028042
66564741
66630906
66630968
66656619
66660751
66770998
66772697
66779584
66779590
66779614
66779628
66779657
66779837
66779840
66779859
66824270
66872305
66963410
66994072
66994087
67009916
67010497
67010520
67013036
67058779
67058908
67058910
67059734
67059801
67059897
67059947
67060409
67063838
67063955
67063983
67063996
67064003
67064030
67064037
67064038
67064043
67064060
67064062
67064070
67064076
67064077
67064174
67178734
67178742
67178745
67178792
67178876
67178897
67234355
67240989
67280723
67281199
67281243
67281306
67310770
67342746
67344263
67379661
67380599
67380940
67381170
67383817
67384064
67386248
67386277
67386752
67388173
67388314
67390181
67390567
67390578
67390794
67390956
67471951
67472042
