10833804 -1
34167314 -1
34167339 -1
34262665 -1
34262669 -1
34262674 -1
34262715 -1
41381298 -1
41381338 -1
41381378 -1
41381380 -1
41381384 -1
41381549 -1
42255101 -1
42255536 -1
42256010 -1
42258659 -1
42266590 -1
42266718 -1
42267684 -1
45689074 -1
45691861 -1
46031972 -1
46620867 -1
46628939 -1
46710081 -1
46710178 -1
47090738 -1
47264241 -1
47609582 -1
47609594 -1
47609603 -1
47609783 -1
47609870 -1
47609882 -1
47610403 -1
47610600 -1
47610640 -1
47610957 -1
47611012 -1
47611085 -1
47611246 -1
47611248 -1
47611328  1
47611419 -1
47611533 -1
47611574 -1
47612087 -1
47612345 -1
47612443 -1
47612659 -1
47612714 -1
47612734 -1
47612775 -1
47612779 -1
47612909 -1
47612926 -1
47612929  1
47612956 -1
47613117 -1
47613158  1
47613256 -1
47613545 -1
47613595 -1
47613805 -1
47614145 -1
47614312  1
47614375 -1
47614405 -1
47614459 -1
47614465  1
47614511 -1
47614540 -1
47615088 -1
47615182 -1
47615203 -1
47615317 -1
47615323 -1
47615324 -1
47615701 -1
47615727 -1
47615995 -1
47616025 -1
47616068 -1
47616118 -1
47616200 -1
47616798 -1
47616837 -1
47616884 -1
47617046 -1
47617102 -1
47617201 -1
47617202 -1
47617316 -1
47617354 -1
47617929 -1
47618228 -1
47618485 -1
47618547 -1
48803037 -1
48803214 -1
48803248 -1
48803403 -1
48803437 -1
48803438 -1
48803463 -1
48803525 -1
48803579 -1
48803606 -1
48803694 -1
48803752 -1
49196203 -1
49196205 -1
49196514 -1
49196662 -1
49196663 -1
49196699 -1
49196712 -1
49196713 -1
49196714 -1
49196737 -1
49196745 -1
49196746 -1
58770178 -1
58770184  1
58770200 -1
58770210 -1
58770211 -1
58770215 -1
58770216 -1
58770233 -1
58770269 -1
58770280 -1
58770294 -1
59232961 -1
59233097 -1
59233127 -1
59233128 -1
59233129 -1
59233179 -1
59233181 -1
59233184 -1
59233186 -1
59233349 -1
59233647 -1
59233648 -1
59233676 -1
59233734 -1
59233735 -1
59454467 -1
59592970 -1
59603169 -1
59603202 -1
59604432 -1
59606637 -1
59796424 -1
59796425 -1
59979921 -1
60024614 -1
60025045 -1
60025046 -1
60830581 -1
60896342 -1
60896372 -1
