25283399
25283428
25607398
26377952
31423610
31833853
33618988
33904984
34576312
35230332
36118509
36693981
37122882
37123099
37465906
37466028
39612264
39613280
44864184
44864244
44864342
44864422
44864457
44864460
44864766
44864772
44864785
44864801
44864813
44864848
44864882
44865165
44865245
44865310
44865365
44865419
44865433
44865441
44865455
44865506
44865539
44865548
44865562
44865592
44865652
44865658
44865669
44865680
44865695
44866017
44866027
44866047
44866086
44866165
44866169
44866301
44866308
44866355
44866392
44866403
44866433
44866443
44866902
44867109
44867128
44867155
44867288
44867292
44867483
44867546
44867547
44867580
44867854
44867876
44867887
44867939
44867958
44867978
44868030
44868062
