27471955 -1
27657712 -1
35350084 -1
37144773 -1
39612108 -1
41361532 -1
41361664 -1
41887852 -1
42740266 -1
42805052 -1
43341043  1
43596717 -1
44200996 -1
44587348 -1
44864228 -1
44864669 -1
44865458 -1
44866818 -1
44867033 -1
44867075 -1
44867092  1
44867214  1
44867271  1
44867559  1
44867688 -1
46028205  1
46033418  1
48329803 -1
49454536 -1
50681903  1
51159288  1
51209707 -1
51264435  1
52090720  1
55518364 -1
55519618 -1
55530478 -1
56323870 -1
56962799  1
58036528 -1
58039975  1
58064254  1
58179215 -1
58179259 -1
59233272  1
59401323  1
59401498  1
59401641  1
59401642  1
59401936  1
59976197  1
59976273  1
59976275  1
59976434  1
60024239 -1
60024831 -1
60702805 -1
60877879 -1
60877979 -1
60878210 -1
60878390 -1
61231345  1
61486198 -1
61486309 -1
61486348 -1
61486360 -1
61486421 -1
61486444 -1
61663935  1
61677611  1
61677727  1
61677889  1
61678146  1
61732558 -1
62204842 -1
62204910  1
62463965 -1
62770623  1
62771568  1
62771918  1
62772114  1
62772297  1
62774156  1
62775507  1
62775536  1
62776537  1
62777312  1
62777315  1
63140488 -1
63162062  1
63399660 -1
63399662 -1
63464742  1
63492544  1
63662809  1
63745091 -1
63745101 -1
63745116 -1
63745117 -1
63745118 -1
63745119 -1
63745120 -1
63745128 -1
63745134 -1
63745136 -1
63745148 -1
63745149 -1
63745150 -1
63745152 -1
63745154 -1
63747861 -1
63747867 -1
63747868 -1
63747869 -1
63747872 -1
63788498 -1
63947904 -1
63947911 -1
63992233 -1
64023921 -1
64098367 -1
64098371 -1
64167458 -1
64217912 -1
64318646  1
64340343 -1
64340412 -1
64340453 -1
64340515 -1
64341323  1
64395901 -1
64395911 -1
64395913 -1
64395916 -1
64395917 -1
64395919 -1
64395937 -1
64395953 -1
64395957 -1
64395959 -1
64395972 -1
64395979 -1
64395986 -1
64395987 -1
64395991 -1
64395992 -1
64395993 -1
64395998 -1
64395999 -1
64396011 -1
64396013 -1
64396049 -1
64396056 -1
64396061 -1
64396063 -1
64396064 -1
64396066 -1
64396067 -1
64396078 -1
64396094 -1
64396102 -1
64396111 -1
64396112 -1
64683421  1
64816233 -1
64816375 -1
64816416 -1
64816440 -1
64821930  1
64822218  1
64823320  1
64824465  1
64825040  1
64826178  1
64826266  1
64828001  1
64828396  1
64829180  1
64829686  1
64829862  1
64873042 -1
64873051 -1
64873221 -1
64873234 -1
64873869 -1
64873919 -1
64873991 -1
64874045 -1
64874152 -1
64874266 -1
64874340 -1
64874369 -1
64874398 -1
64874466 -1
64874476 -1
64874490 -1
64874493 -1
64874498 -1
64874630 -1
64874673 -1
64874676 -1
64874680 -1
64874712 -1
64874755 -1
64874760 -1
64874763 -1
64874769 -1
64874770 -1
64874775 -1
64874783 -1
64874797 -1
64950154 -1
64953699 -1
64960868  1
64963356  1
64973387 -1
64979625  1
64980115 -1
64981105 -1
64981113 -1
64981116 -1
65080350 -1
65080352 -1
65090872  1
65090888  1
65147044 -1
65151960  1
65177385  1
65178195 -1
65215162  1
65220111 -1
65220116 -1
65220120 -1
65233182 -1
65271231 -1
65271660  1
65288439  1
65288441  1
65294191 -1
65386645 -1
65386649 -1
65392220 -1
65415163 -1
65493179  1
65591420 -1
65591460 -1
65591461 -1
65591465 -1
65591466 -1
65600712 -1
65600725 -1
65600736 -1
65600741 -1
65600745 -1
65617501 -1
65673764 -1
65675867 -1
65675880 -1
65698123  1
65703041  1
65773764 -1
65774818  1
65775065  1
65779501 -1
65829182 -1
65829183 -1
65829188 -1
65829194 -1
65829202 -1
65895831 -1
65895832 -1
65960546  1
65962917  1
66012994  1
66015709 -1
66028042 -1
66564741 -1
66630906 -1
66630968 -1
66656619 -1
66660751  1
66770998 -1
66772697  1
66779584 -1
66779590 -1
66779614 -1
66779628 -1
66779657 -1
66779837 -1
66779840 -1
66779859 -1
66824270 -1
66872305  1
66963410  1
66994072 -1
66994087 -1
67009916 -1
67010497  1
67010520  1
67013036 -1
67058779 -1
67058908 -1
67058910 -1
67059734  1
67059801  1
67059897  1
67059947  1
67060409  1
67063838 -1
67063955 -1
67063983 -1
67063996 -1
67064003 -1
67064030 -1
67064037 -1
67064038 -1
67064043 -1
67064060 -1
67064062 -1
67064070 -1
67064076 -1
67064077 -1
67064174 -1
67178734  1
67178742  1
67178745  1
67178792  1
67178876  1
67178897 -1
67234355  1
67240989  1
67280723  1
67281199  1
67281243  1
67281306  1
67310770  1
67342746  1
67344263 -1
67379661  1
67380599  1
67380940  1
67381170  1
67383817  1
67384064  1
67386248  1
67386277  1
67386752  1
67388173  1
67388314  1
67390181  1
67390567  1
67390578  1
67390794  1
67390956  1
67471951  1
67472042  1
