10833804
34167314
34167339
34262665
34262669
34262674
34262715
41381298
41381338
41381378
41381380
41381384
41381549
42255101
42255536
42256010
42258659
42266590
42266718
42267684
45689074
45691861
46031972
46620867
46628939
46710081
46710178
47090738
47264241
47609582
47609594
47609603
47609783
47609870
47609882
47610403
47610600
47610640
47610957
47611012
47611085
47611246
47611248
47611328
47611419
47611533
47611574
47612087
47612345
47612443
47612659
47612714
47612734
47612775
47612779
47612909
47612926
47612929
47612956
47613117
47613158
47613256
47613545
47613595
47613805
47614145
47614312
47614375
47614405
47614459
47614465
47614511
47614540
47615088
47615182
47615203
47615317
47615323
47615324
47615701
47615727
47615995
47616025
47616068
47616118
47616200
47616798
47616837
47616884
47617046
47617102
47617201
47617202
47617316
47617354
47617929
47618228
47618485
47618547
48803037
48803214
48803248
48803403
48803437
48803438
48803463
48803525
48803579
48803606
48803694
48803752
49196203
49196205
49196514
49196662
49196663
49196699
49196712
49196713
49196714
49196737
49196745
49196746
58770178
58770184
58770200
58770210
58770211
58770215
58770216
58770233
58770269
58770280
58770294
59232961
59233097
59233127
59233128
59233129
59233179
59233181
59233184
59233186
59233349
59233647
59233648
59233676
59233734
59233735
59454467
59592970
59603169
59603202
59604432
59606637
59796424
59796425
59979921
60024614
60025045
60025046
60830581
60896342
60896372
