10144484
10312816
10312956
10343915
10343917
10343921
10343953
10344064
10892038
12150287
12188196
12188213
12239132
14857759
14857779
14857822
15062517
15062557
15250447
17036915
17073407
17207625
17207628
17207637
17207651
17207662
17207672
17207679
17267903
17545015
18799294
18799327
18799332
18805953
18805955
18805960
18806034
18806060
18806099
18814958
18814977
18815020
18815024
18815032
18952146
18952158
18952171
18952186
18952213
18952240
18952242
18978659
19320950
19731032
19882010
19911306
19911371
19911504
20605682
20605853
23519023
23845586
23845602
23845606
23930730
23930787
23948798
24051673
24051750
24227526
24227540
24227555
24227580
25152987
25361529
25361562
25506652
25559163
25559179
25559182
25607406
25721160
25721214
25721285
26736236
26736270
26736271
26736299
27010936
27010991
27193003
27193028
27193032
27193038
27193046
27193051
28144419
28144420
29586254
29586261
29586265
29586284
29829601
29829602
29829609
3403334
3403339
51262180
51262196
51262218
51262226
51262230
51262253
51262265
51262266
51262287
51262302
51262304
51262437
51262439
51262442
51262443
51262445
51262460
51262468
51262470
51262471
51264456
51271324
51271357
51271381
51271415
51271430
52538430
52538431
52538433
52538436
52538437
52538439
52538440
52538444
52538445
52538447
52538448
52613209
52613210
52613212
52613213
52613215
52613216
52613219
52613223
52613224
52613225
52613226
52666218
52683928
52683933
52683937
52702036
52702039
52702041
52702044
52702045
52702048
52702050
52702052
52702062
52702068
52702071
52702076
52702569
52702577
52702622
52702626
52702631
52702633
52702635
52702638
52702642
52702643
52702652
52702657
52703057
52703064
52703074
52703076
52734071
52734075
52734077
52734080
52734081
52734086
52829519
52829529
52944468
52944494
52944513
52944519
52944522
52944523
52944553
55340568
55340575
55340578
55340579
55340588
55340590
55340591
55340613
55340639
55340651
55340654
55340665
55340721
55340729
55340737
55384361
55384362
55384372
