10144484 -1
10312816 -1
10312956 -1
10343915 -1
10343917 -1
10343921 -1
10343953 -1
10344064 -1
10892038 -1
12150287 -1
12188196 -1
12188213 -1
12239132 -1
14857759 -1
14857779 -1
14857822 -1
15062517 -1
15062557 -1
15250447 -1
17036915 -1
17073407 -1
17207625 -1
17207628 -1
17207637 -1
17207651 -1
17207662 -1
17207672 -1
17207679 -1
17267903 -1
17545015 -1
18799294 -1
18799327 -1
18799332 -1
18805953 -1
18805955 -1
18805960 -1
18806034 -1
18806060 -1
18806099 -1
18814958 -1
18814977 -1
18815020 -1
18815024 -1
18815032 -1
18952146 -1
18952158 -1
18952171 -1
18952186 -1
18952213 -1
18952240 -1
18952242 -1
18978659 -1
19320950 -1
19731032 -1
19882010 -1
19911306 -1
19911371 -1
19911504 -1
20605682 -1
20605853 -1
23519023 -1
23845586 -1
23845602 -1
23845606 -1
23930730 -1
23930787 -1
23948798 -1
24051673 -1
24051750 -1
24227526 -1
24227540 -1
24227555 -1
24227580 -1
25152987 -1
25361529 -1
25361562 -1
25506652 -1
25559163 -1
25559179 -1
25559182 -1
25607406 -1
25721160 -1
25721214 -1
25721285 -1
26736236 -1
26736270 -1
26736271 -1
26736299 -1
27010936 -1
27010991 -1
27193003 -1
27193028 -1
27193032 -1
27193038 -1
27193046 -1
27193051 -1
28144419 -1
28144420 -1
29586254 -1
29586261 -1
29586265 -1
29586284 -1
29829601 -1
29829602 -1
29829609 -1
3403334 -1
3403339 -1
51262180 -1
51262196 -1
51262218 -1
51262226 -1
51262230 -1
51262253 -1
51262265 -1
51262266 -1
51262287 -1
51262302 -1
51262304 -1
51262437 -1
51262439 -1
51262442 -1
51262443 -1
51262445 -1
51262460 -1
51262468 -1
51262470 -1
51262471 -1
51264456 -1
51271324 -1
51271357 -1
51271381 -1
51271415 -1
51271430 -1
52538430  1
52538431  1
52538433  1
52538436  1
52538437  1
52538439  1
52538440  1
52538444  1
52538445  1
52538447  1
52538448  1
52613209 -1
52613210 -1
52613212 -1
52613213 -1
52613215 -1
52613216 -1
52613219 -1
52613223 -1
52613224 -1
52613225 -1
52613226 -1
52666218 -1
52683928 -1
52683933 -1
52683937 -1
52702036 -1
52702039 -1
52702041 -1
52702044 -1
52702045 -1
52702048 -1
52702050 -1
52702052 -1
52702062 -1
52702068 -1
52702071 -1
52702076 -1
52702569 -1
52702577 -1
52702622 -1
52702626 -1
52702631 -1
52702633 -1
52702635 -1
52702638 -1
52702642 -1
52702643 -1
52702652 -1
52702657 -1
52703057 -1
52703064 -1
52703074 -1
52703076 -1
52734071 -1
52734075 -1
52734077 -1
52734080 -1
52734081 -1
52734086 -1
52829519 -1
52829529 -1
52944468 -1
52944494 -1
52944513 -1
52944519 -1
52944522 -1
52944523 -1
52944553 -1
55340568 -1
55340575 -1
55340578 -1
55340579 -1
55340588 -1
55340590 -1
55340591 -1
55340613 -1
55340639 -1
55340651 -1
55340654 -1
55340665 -1
55340721 -1
55340729 -1
55340737 -1
55384361 -1
55384362 -1
55384372 -1
